1 621.881 795.153 2546 200 0
1 1781.2 212.951 233 978 0
1 -547.59 184.255 206 1024 0
1 96.9146 -171.708 213 33 0
1 99.8428 -105.823 243 27 328.334
1 92.5223 -35.5466 219 29 0
1 272.607 -102.895 23 172 0
1 304.817 -135.105 23 128 325.834
1 363.381 -130.713 21 118 29.1655
1 389.734 -99.967 21 173 0
1 476.116 -101.431 19 170 0
1 606.421 -102.895 21 167 0
1 602.029 -176.1 180 21 0
1 761.616 -102.895 21 180 14.1661
1 817.252 -105.823 23 184 339.167
1 789.434 -82.3978 79 21 0
1 1013.44 -174.636 73 21 359.167
1 959.27 -149.746 75 22 309.168
1 941.7 -97.0388 24 82 0
1 960.734 -45.7954 65 21 31.6654
1 1007.58 -35.5466 83 21 0
1 -315.35 567.576 260 28 0
1 -126.481 598.322 150 26 29.1655
2 -38.4638 685.352 21 21 0
2 -16.4638 685.352 21 21 0
2 -38.4638 664.452 21 21 0
2 -38.4638 639.152 21 21 0
2 -14.2638 661.151 21 21 0
2 8.83617 683.151 21 21 0
1 -41.6914 467.354 340 41 0
2 -243.87 463.059 299 8 324.168
0 102.798 631.972
0 32.6852 413.362
1 1345.23 648.555 332 31 337.501
1 1578.98 587.651 175 33 0.000305176
1 1432.39 510.889 161 7 0
0 1438.24 452.763
0 1037.98 643.411
0 398.78 513.98
0 765.269 517.457
1 740.845 88.1155 62 57 0
1 147.997 149.411 66 76 0
1 1030.8 362.649 237 12 3.05176e-05
1 1134.64 128.815 68 67 0
1 -296.503 369.072 300 21 0
1 1249.76 435.125 259 9 35.8319
1 1008.73 386.768 194 36 0
1 938.485 680.578 81 32 0
1 943.744 424.38 64 41 0
2 761.964 553.82 119 17 0
0 357.064 651.632
1 233.848 644.87 208 19 324.168
1 399.889 587.771 177 21 0
2 479.528 645.622 21 91 0
1 -377.368 543.779 21 21 0
2 715.682 629.854 18 131 0
2 809.897 629.027 21 129 0
2 939.649 554.647 40 218 0
